1
1
2
3
8
14
42
79
252
494
1636
3294
11284
23240
80634
167719
590786
1244728
4433458
9411092
33785306
72190144
260596080
559835526
2035883138
4397559913
16047416478
34773720144
127494892846
277388596496
1020327267780
2226150150571
8217085939408
17979748102469
66515919247176
145859560161388
541281486209702
1189844408783433
4422540331765704
9737290637241602
36280595353133660
80042197205318781
298695244350306882
659907717058913802
2467231927965142838
5459418128712778817
20435476681095194432
45272964287884515030
169764840474469464044
376625235585233848102
1413558818098885168116
3138925062706400409211
11798203159714161473250
26230458940259255088368
98679211058653072234830
219575564859027005364252
827042415067328243323246
1842124245164184476647143
6943448070605708302161136
15477003818026009744937288
58403358113409574425206284
130299211256352232293798953
491976058903786205363589240
1098280378281941853057067203
4150882156714411301882970658
9273821408318565530902282423
35069824028759556737591964374
78396254462003968832731657151
296710634671517217817037499260
663732435033347614658959912973
2513266514665772596580873269592
5624924772045668312331609009180
21316212495290192541208124992230
47737933313404297080012724528221
180979698534202680916486790726960
405479265548174728239675319362851
1538296897199259361421607053729840
3448483904681336752404310858958737
13087918130838181090568967387396322
29351582496165242960165915148833436
111465936592045261429241926546081170
250104673794477206663576200326899692
950122689606397116990921204751641536
2132633714951153369899782362386550529
8106471050405664567154318742914447526
18204228126270619835313514565236004740
69217036348995334390950775272318358910
155485595152673324392712644397846711802
591510119528930226725276787901464166564
1329311494106156520143851389527025154307
5058515642416166146200672838495994021142
11371455052112742424709481812558566510325
43293097752949980672480127693694151161636
97359598215168015631844137181673586016781
370757816042909786122789054029889497517084
834005087662426659938019712914185633864226
3177457902594009695877374304729506463948066
7150156872168305674866350880934230725554469
27247149297444975620797504225495687784870448
61328359344060617366855551696862060366528826
